4 CICERONIS DE DIVINATIONE

1111111 1111111111 111 1111111111 1111111111. Man
111 1 11111111 13 1 111111111131111111111111111111111111;
1111111111 11111 det? 11111111111111, 11111 11 31111 til,
1111 11 1111113 111 1111111111 1111111131111 1111
1111111111 (51). Men pst 11111111 made? Stoikorne
111111 ikke, 111 11 11 311 pi 111111 111 111111 lille 111111,
11131111, men 11 111 in 3113111111 111111111111111111,
11 11111 1111111111 1131 311 111111 111 11111 111111111 11-
31111111, 111 111111 13 113111111 11 11111111111131, 1111-
1111111111111111 3111111111. 1111 1111 si 1111 11 111
11131111 1111111111, 11111 1111111 1111 111 frit 111311 11111-
1311 11111111 111111111111111131111111111111. 0111311111111
111 Caesar (52). Det 11 1311 111, 111 111111 13 111111
113111111111 13 11111131ς 1111111111 pi jaertegn. 8111111
1131 11111111 1111111 11 11111111111(53); 8111111111 111111-
11311111 (14).Ι 1131111 1111 1111111111; men 11 1111111111
3113 1111111131 1111111, 11 11 11111111311111 1111111111, 11
11 111 1111111111 111. Divinationen 1111111311 11111111
111111111 111 gud. 11111 1111111133311 11111 11111111
som 31111113, 1111111111111 111131111, spiren 111 11111111·
111131(11); 1111 man 1111113 111 - 11111111 111111111311
1111, si dog 11111 1131 13 11111111, 111111111 1111, 1111
1111111111, 1111, 111111311111111 111113111311111 1111111311,
,11111111111561 11111113 11311 111111111111 111 1111111,
1111 1111111 i 11111 11111 i 11111111 frigor sig for 113111111
band 13 111, 11111 111 111 111 111 11111131. 0311 111
11111111111 1111111111 11111311 11311 1111111111 11 111111 11
1111111; 1111111111. 1111111 11 11111111111111311111311113,
111 1111111 1 Ρ11111111 11131111 (17). 8111111113 11311
. 11111111 11111111113131111 131131111111111 (58). ’

ᾗ Vetus opinio ostiam usque 1111111111 111111111-
poribus, eaque 11 populi Romani 11 omnium gentium

ἒ 11 popuii R. et. . .] »111111311111111111311...1; 1111111
ΙΙ. 14. 3313 111111. 11.’111’91’111“3114..7. 11 alia 111 melius
multa] Μ11.Β 141211) Τ111111 111 1111111111 fortraeffelighed

1) ,11111 ⁸¹⁴ 11113111· 11111131 1111 1111311111 111 1111111113, ede (511 111·
11111111) 113111ς ,1111111 11111 1113111, 11111111 11111111111, 1111111
11111111111111311111 11 1111113111 i 1111. ⁸.

 

